earth.R = 6378.13646
earth.mu = 398600.4418
earth.l  = 40
earth.m  = 40

moon.R = 1738.0
moon.mu = 4.9028000661637961E+03
moon.l = 25
moon.m = 25

sun.mu = 1.3271244004193938E+11