earth.R = 6378.13646
earth.mu = 398600.4418
earth.l  = 40
earth.m  = 40

moon.R = 1738.0
moon.mu = 4902.800066
moon.l = 25
moon.m = 25

